20
A=71.001382118765136
R=156.02259216715393
D=114.9690844786554
N=113.98556385349465
C=159.95015278395539
E=128.9776846706732
Q=127.99416404551246
G=56.992781926747327
H=136.98997122833393
I=113.02718269481856
L=113.02718269481856
K=128.03053124960294
M=130.97457124124367
F=146.99443850280076
P=97.003946310782936
S=86.988251298710281
T=100.99685149072808
W=185.98571505758514
Y=162.98130768274586
V=99.01858250280074
